=== draws per cell ===
model  glm_hurdle  glm_tweedie  intercept  one_over_exposure  tabicl  xgb_hurdle  xgb_tweedie
n                                                                                            
5000           20           20         20                 20      20          20           20
10000          20           20         20                 20      20          20           20
20000          20           20         20                 20      20          20           20

==========================================================================================
Gini (unweighted)
==========================================================================================
    n             model  draws    mean     sd     min     max     q25     q75  range     cv
 5000        glm_hurdle     20  0.4945 0.1232  0.1491  0.6225  0.4171  0.5879 0.4734 0.2491
 5000       glm_tweedie     20  0.3401 0.1599 -0.0305  0.5057  0.2188  0.4616 0.5363 0.4702
 5000         intercept     20 -0.0000 0.0000 -0.0000 -0.0000 -0.0000 -0.0000 0.0000 0.0000
 5000 one_over_exposure     20  0.4788 0.0000  0.4788  0.4788  0.4788  0.4788 0.0000 0.0000
 5000            tabicl     20  0.5674 0.0963  0.2725  0.6689  0.5571  0.6194 0.3964 0.1698
 5000        xgb_hurdle     20  0.4789 0.0004  0.4788  0.4808  0.4788  0.4788 0.0020 0.0009
 5000       xgb_tweedie     20  0.4200 0.1104  0.1694  0.5565  0.3684  0.4960 0.3871 0.2629
10000        glm_hurdle     20  0.5433 0.0664  0.3377  0.6150  0.5212  0.5915 0.2773 0.1222
10000       glm_tweedie     20  0.4135 0.1026  0.1504  0.5363  0.3815  0.4934 0.3858 0.2482
10000         intercept     20 -0.0000 0.0000 -0.0000 -0.0000 -0.0000 -0.0000 0.0000 0.0000
10000 one_over_exposure     20  0.4788 0.0000  0.4788  0.4788  0.4788  0.4788 0.0000 0.0000
10000            tabicl     20  0.5961 0.0503  0.4987  0.6687  0.5757  0.6311 0.1699 0.0843
10000        xgb_hurdle     20  0.5137 0.0486  0.3755  0.5696  0.4984  0.5460 0.1941 0.0946
10000       xgb_tweedie     20  0.4926 0.0597  0.3606  0.5664  0.4534  0.5355 0.2059 0.1211
20000        glm_hurdle     20  0.5425 0.0800  0.3676  0.6369  0.4773  0.6042 0.2693 0.1474
20000       glm_tweedie     20  0.3930 0.1301  0.1201  0.5338  0.2631  0.4866 0.4137 0.3310
20000         intercept     20 -0.0000 0.0000 -0.0000 -0.0000 -0.0000 -0.0000 0.0000 0.0000
20000 one_over_exposure     20  0.4788 0.0000  0.4788  0.4788  0.4788  0.4788 0.0000 0.0000
20000            tabicl     20  0.6282 0.0319  0.5635  0.6742  0.6036  0.6561 0.1107 0.0508
20000        xgb_hurdle     20  0.5172 0.0329  0.4502  0.5873  0.4966  0.5373 0.1371 0.0637
20000       xgb_tweedie     20  0.5191 0.0325  0.4317  0.5695  0.4973  0.5421 0.1378 0.0627
  wrote resample_dist_gini.png

==========================================================================================
exposure-weighted Gini (rate)
==========================================================================================
    n             model  draws    mean     sd     min     max     q25     q75  range     cv
 5000        glm_hurdle     20  0.4176 0.0958  0.1228  0.5235  0.3735  0.4825 0.4006 0.2294
 5000       glm_tweedie     20  0.3040 0.1361 -0.0428  0.4393  0.2587  0.3947 0.4820 0.4479
 5000         intercept     20 -0.0000 0.0000 -0.0000 -0.0000 -0.0000 -0.0000 0.0000 0.0000
 5000 one_over_exposure     20  0.4676 0.0000  0.4676  0.4676  0.4676  0.4676 0.0000 0.0000
 5000            tabicl     20  0.4897 0.0746  0.2533  0.5816  0.4655  0.5307 0.3283 0.1523
 5000        xgb_hurdle     20  0.4679 0.0013  0.4676  0.4734  0.4676  0.4676 0.0058 0.0028
 5000       xgb_tweedie     20  0.3850 0.0520  0.2558  0.4460  0.3575  0.4205 0.1902 0.1351
10000        glm_hurdle     20  0.4559 0.0501  0.3003  0.5311  0.4311  0.4792 0.2307 0.1098
10000       glm_tweedie     20  0.3511 0.0879  0.1537  0.4569  0.3352  0.4156 0.3032 0.2504
10000         intercept     20 -0.0000 0.0000 -0.0000 -0.0000 -0.0000 -0.0000 0.0000 0.0000
10000 one_over_exposure     20  0.4676 0.0000  0.4676  0.4676  0.4676  0.4676 0.0000 0.0000
10000            tabicl     20  0.5298 0.0369  0.4310  0.5707  0.5148  0.5583 0.1398 0.0696
10000        xgb_hurdle     20  0.5013 0.0433  0.3697  0.5489  0.4932  0.5266 0.1792 0.0864
10000       xgb_tweedie     20  0.4329 0.0450  0.3206  0.4901  0.4148  0.4585 0.1695 0.1038
20000        glm_hurdle     20  0.4704 0.0607  0.2695  0.5394  0.4384  0.5102 0.2699 0.1291
20000       glm_tweedie     20  0.3509 0.1011  0.1478  0.4561  0.2630  0.4341 0.3083 0.2882
20000         intercept     20 -0.0000 0.0000 -0.0000 -0.0000 -0.0000 -0.0000 0.0000 0.0000
20000 one_over_exposure     20  0.4676 0.0000  0.4676  0.4676  0.4676  0.4676 0.0000 0.0000
20000            tabicl     20  0.5513 0.0136  0.5272  0.5669  0.5416  0.5622 0.0397 0.0246
20000        xgb_hurdle     20  0.5253 0.0269  0.4246  0.5497  0.5217  0.5401 0.1251 0.0512
20000       xgb_tweedie     20  0.4553 0.0288  0.3810  0.4929  0.4399  0.4737 0.1119 0.0633
  wrote resample_dist_gini_exposure_weighted.png

==========================================================================================
Gini on total loss
==========================================================================================
    n             model  draws    mean     sd     min     max     q25     q75  range     cv
 5000        glm_hurdle     20  0.2262 0.1359 -0.0049  0.4334  0.1109  0.3414 0.4383 0.6008
 5000       glm_tweedie     20  0.1742 0.1137 -0.0202  0.3992  0.0943  0.2652 0.4194 0.6527
 5000         intercept     20 -0.0114 0.0000 -0.0114 -0.0114 -0.0114 -0.0114 0.0000 0.0000
 5000 one_over_exposure     20 -0.0000 0.0000 -0.0000 -0.0000 -0.0000 -0.0000 0.0000 0.2506
 5000            tabicl     20  0.3314 0.1149  0.0775  0.4971  0.2634  0.4012 0.4195 0.3466
 5000        xgb_hurdle     20  0.0032 0.0141 -0.0000  0.0632 -0.0000 -0.0000 0.0632 4.4721
 5000       xgb_tweedie     20  0.2217 0.0845  0.0863  0.3643  0.1542  0.2840 0.2780 0.3811
10000        glm_hurdle     20  0.2453 0.0981  0.0355  0.4257  0.1659  0.3170 0.3902 0.3999
10000       glm_tweedie     20  0.2038 0.1021  0.0445  0.4443  0.1289  0.2848 0.3998 0.5009
10000         intercept     20 -0.0114 0.0000 -0.0114 -0.0114 -0.0114 -0.0114 0.0000 0.0000
10000 one_over_exposure     20 -0.0000 0.0000 -0.0000  0.0000 -0.0000 -0.0000 0.0000 0.3198
10000            tabicl     20  0.3324 0.1105  0.1643  0.4929  0.2629  0.4537 0.3286 0.3323
10000        xgb_hurdle     20  0.1884 0.1175 -0.0470  0.3757  0.1395  0.2831 0.4227 0.6236
10000       xgb_tweedie     20  0.2949 0.1031  0.1315  0.4596  0.2230  0.3776 0.3281 0.3496
20000        glm_hurdle     20  0.2362 0.1139  0.0688  0.3985  0.1481  0.3471 0.3297 0.4821
20000       glm_tweedie     20  0.2016 0.1146  0.0613  0.3959  0.0903  0.3035 0.3346 0.5683
20000         intercept     20 -0.0114 0.0000 -0.0114 -0.0114 -0.0114 -0.0114 0.0000 0.0000
20000 one_over_exposure     20 -0.0000 0.0000 -0.0000 -0.0000 -0.0000 -0.0000 0.0000 0.2621
20000            tabicl     20  0.4115 0.0704  0.2873  0.5040  0.3707  0.4816 0.2166 0.1711
20000        xgb_hurdle     20  0.2365 0.1164  0.0321  0.4203  0.1436  0.3244 0.3883 0.4923
20000       xgb_tweedie     20  0.2385 0.0748  0.1186  0.4357  0.1864  0.2618 0.3171 0.3135
  wrote resample_dist_gini_total_loss.png

==========================================================================================
Tweedie deviance (p=1.5)
==========================================================================================
    n             model  draws     mean     sd      min      max      q25      q75   range     cv
 5000        glm_hurdle     20  98.1528 5.5527  89.1025 107.9328  93.7562 102.5992 18.8302 0.0566
 5000       glm_tweedie     20 104.2422 7.4257  93.6864 124.3830  98.1677 109.6055 30.6966 0.0712
 5000         intercept     20 104.9482 2.4159 101.2504 109.4717 103.3107 107.4480  8.2212 0.0230
 5000 one_over_exposure     20  95.5249 2.2571  92.0566  99.7299  94.0067  97.8537  7.6733 0.0236
 5000            tabicl     20  98.6424 6.2139  86.9986 115.2019  95.0979 101.4667 28.2033 0.0630
 5000        xgb_hurdle     20  97.2616 2.5113  92.4751 100.8218  95.1335  99.3690  8.3467 0.0258
 5000       xgb_tweedie     20 113.0453 5.6204 100.2287 120.9082 109.9802 117.9597 20.6794 0.0497
10000        glm_hurdle     20  95.7000 2.5972  90.3798 100.6322  93.7828  97.8252 10.2525 0.0271
10000       glm_tweedie     20 100.3489 3.9297  93.0378 106.4013  97.6113 103.4723 13.3635 0.0392
10000         intercept     20 105.0417 2.6377 101.1827 109.6007 102.4255 107.2846  8.4180 0.0251
10000 one_over_exposure     20  95.6081 2.4594  91.9877  99.8871  93.1804  97.5674  7.8995 0.0257
10000            tabicl     20  95.5651 3.9920  87.6202 101.6359  92.8879  98.1743 14.0156 0.0418
10000        xgb_hurdle     20  95.8544 2.5383  92.0392 100.9783  93.9142  97.4017  8.9391 0.0265
10000       xgb_tweedie     20 102.8119 4.8491  93.8570 111.1171  99.1357 105.5375 17.2601 0.0472
20000        glm_hurdle     20  94.5512 3.2963  88.5844 101.4264  91.6329  96.7535 12.8420 0.0349
20000       glm_tweedie     20  99.0429 4.7030  91.5703 106.7601  96.0106 103.8197 15.1898 0.0475
20000         intercept     20 103.9619 2.4143 101.2732 109.0133 101.9837 105.0082  7.7401 0.0232
20000 one_over_exposure     20  94.6069 2.2657  92.0586  99.3282  92.7591  95.6011  7.2696 0.0239
20000            tabicl     20  93.2561 3.0817  88.5199  99.0900  90.5118  95.0018 10.5701 0.0330
20000        xgb_hurdle     20  94.0530 2.5456  87.8580  97.8251  92.4381  95.7784  9.9671 0.0271
20000       xgb_tweedie     20 100.7567 3.6905  93.8373 107.7150  98.3127 103.5156 13.8777 0.0366
  wrote resample_dist_tweedie_deviance_1.5.png

=== spaghetti lift ===
  wrote resample_lift_N5000.png
  wrote resample_lift_N10000.png
  wrote resample_lift_N20000.png

=== sample characterisation ===
      mean_exposure                      claim_rate                      loss_cost                               max_loss                                        
               mean    std    min    max       mean    std    min    max      mean     std      min      max         mean          std         min            max
n                                                                                                                                                                
5000         0.5292 0.0007 0.5277 0.5304     0.0372 0.0026 0.0312 0.0408  141.3461 38.2407 102.3529 269.8642  78,627.5515  86,424.8941 17,420.9100   399,213.6600
10000        0.5290 0.0004 0.5282 0.5296     0.0366 0.0020 0.0330 0.0418  153.3297 67.8099 101.7690 410.0492 176,638.0840 300,055.0955 19,122.0400 1,404,185.5200
20000        0.5289 0.0002 0.5285 0.5292     0.0369 0.0013 0.0348 0.0396  156.6443 43.0138 104.4945 248.0962 247,534.8675 270,818.6521 28,124.0000 1,301,172.6000
  wrote resample_sample_composition.png

=== sample comparability: 5 flags ===
  [WARN] sample_comparability: N=5,000 draw 14: total_loss=7.142e+05 is +3.4 SD from the across-draw mean (3.74e+05)
  [WARN] sample_comparability: N=5,000 draw 14: max_loss=3.992e+05 is +3.7 SD from the across-draw mean (7.863e+04)
  [WARN] sample_comparability: N=10,000 draw 7: total_loss=2.17e+06 is +3.8 SD from the across-draw mean (8.112e+05)
  [WARN] sample_comparability: N=10,000 draw 7: max_loss=1.404e+06 is +4.1 SD from the across-draw mean (1.766e+05)
  [WARN] sample_comparability: N=20,000 draw 4: max_loss=1.301e+06 is +3.9 SD from the across-draw mean (2.475e+05)

wrote C:\Users\jzng0\tabicl-pricing\results\resample_results.parquet
